[emp_st]
2170.1875 0
2170.19873047 4.06
2170.22094727 27.11
2170.23754883 43.03
2170.26000977 64.55
2170.27636719 80.20
2170.28759766 90.79
2170.30883789 109.69
2170.32543945 123.02
2170.34155273 134.85
2170.36352539 149.40
2170.37963867 159.01
2170.39575195 167.82
2170.41308594 176.48
2170.43505859 186.38
2170.45654297 194.97
2170.47290039 200.85
2170.49536133 208.12
2170.51171875 212.91
2170.52783203 217.22
2170.54394531 221.16
2170.56030273 224.84
2170.57104492 227.06
2170.59228516 231.13
2170.60888672 234.00
2170.63012695 237.29
2170.65527344 240.76
2170.67822266 243.51
2170.69433594 245.26
2170.71044922 246.86
2170.73193359 248.78
2170.74829102 249.85
2170.76464844 250.00

2172.40380859 0
2172.42065430 8.22
2172.43676758 26.29
2172.45751953 46.51
2172.47363281 61.95
2172.49584961 83.20
2172.51220703 98.40
2172.53393555 116.91
2172.55004883 129.25
2172.56567383 140.22
2172.58203125 150.75
2172.60400391 163.48
2172.61987305 171.80
2172.63598633 179.56
2172.65673828 188.65
2172.67285156 194.99
2172.69409180 202.51
2172.70996094 207.62
2172.72583008 212.30
2172.74658203 217.84
2172.76269531 221.74
2172.77856445 225.26
2172.79443359 228.50
2172.81518555 232.33
2172.83105469 234.98
2172.84741211 237.47
2172.86889648 240.41
2172.88476562 242.38
2172.90112305 244.25
2172.92187500 246.40
2172.93774414 247.89
2172.95800781 249.48
2172.97485352 250.00



