[Empty]
2103.59521484 250
2103.61157227 238.95
2103.63378906 182.07
2103.64990234 144.72
2103.67089844 100.49
2103.68676758 70.28
2103.69799805 50.03
2103.71923828 11.98
2103.73510742 0

2105.87109375 250
2105.88720703 233.21
2105.8989257 207.79
2105.92016602 156.22
2105.93603516 121.51
2105.95849609 77.24
2105.97534180 46.50
2105.99682617 7.25
2106.01391602 0

2107.90576172 250
2107.92260742 219.96
2107.9384765 180.05
2107.96069336 129.92
2107.97705078 96.44
2107.99389648 64.67
2108.01513572 26.40
2108.03100586 1.51
2108.05712891 0.0

2109.72241211 250.00
2109.74243164 219.10
2109.75976562 175.69
2109.77807617 134.01
2109.79956055 90.07
2109.82299805 46.97
2109.83300781 29.04
2109.85473633 2.91
2109.88110352 0.00
