[Empty]
2103.59521484 250
2103.61157227 238.95
2103.63378906 182.07
2103.64990234 144.72
2103.67089844 100.49
2103.68676758 70.28
2103.69799805 50.03
2103.71923828 11.98
2103.73510742 0

2105.87109375 250
2105.88720703 233.21
2105.8989257 207.79
2105.92016602 156.22
2105.93603516 121.51
2105.95849609 77.24
2105.97534180 46.50
2105.99682617 7.25
2106.01391602 0

2107.90576172 250
2107.92260742 219.96
2107.9384765 180.05
2107.96069336 129.92
2107.97705078 96.44
2107.99389648 64.67
2108.01513572 26.40
2108.03100586 1.51
2108.05712891 0.0

2109.72241211 250.00
2109.74243164 219.10
2109.75976562 175.69
2109.77807617 134.01
2109.79956055 90.07
2109.82299805 46.97
2109.83300781 29.04
2109.85473633 2.91
2109.88110352 0.00

[AK47]
2114.51562500 215
2114.53198242 179.05
2114.55517578 131.32
2114.57128906 101.30
2114.58837891 72.19
2114.60449219 46.18
2114.62597656 12.04
2114.64208984 0

2116.16918945 215.00
2116.18481445 201.40
2116.20629883 158.11
2116.23315430 105.83
2116.24462891 85.87
2116.26098633 58.80
2116.28222656 24.73
2116.29809570 0

2117.82495117 215.00
2117.84106445 189.99
2117.85917773 155.90
2117.87304688 124.27
2117.89331055 87.64
2117.90917969 61.48
2117.93115234 26.28
2117.95214844 1.64
2117.96801758 0.00

2119.40893555 215.00
2119.43579102 211.68
2119.45678711 169.32
2119.47265625 136.61
2119.49414062 96.69
2119.51025391 69.47
2119.52612305 43.88
2119.54248047 17.73
2119.55810547 3.13
2119.57885742 0.00